0 56 304 1 1 2
0 184 240 1 1 2
0 312 304 1 1 2
0 440 240 1 1 2
0 568 304 1 1 2
0 696 240 1 1 2
0 824 304 1 1 2
0 952 304 1 1 2
0 1080 304 1 1 2
0 1208 240 1 1 2
0 1312 112 1 1 2
0 1720 112 1 1 2
0 1976 112 1 1 2
0 1464 304 1 1 2
0 1848 304 1 1 2
0 2104 304 1 1 2
0 2232 304 1 1 2
0 2360 304 1 1 2
0 2488 304 1 1 2
0 2616 304 1 1 2
0 2744 240 1 1 2
0 2872 112 1 1 5
0 3008 48 1 1 2
0 3128 336 1 1 2
0 3256 144 1 1 2
0 3384 112 1 1 2
0 3512 272 1 1 2
0 3672 112 1 1 2
0 3768 336 1 1 2
0 3896 80 1 1 2
0 4024 144 1 1 2
0 4152 272 1 1 2
0 4280 144 1 1 2
0 4408 208 1 1 2
0 4536 144 1 1 2
0 4664 336 1 1 2
0 4792 272 1 1 2
0 4920 336 1 1 2
0 5048 336 1 1 2
0 5176 272 1 1 2
0 5304 336 1 1 2
0 5432 272 1 1 2
1 -32 272 1 1 -1
1 -32 304 1 1 -1
1 -32 336 1 1 -1
1 -32 368 1 1 -1
1 -32 368.0 1 1 -1
1 0.0 368.0 1 1 -1
1 32.0 368.0 1 1 -1
1 64.0 368.0 1 1 -1
1 96.0 368.0 1 1 -1
1 128.0 368.0 1 1 -1
1 160.0 368.0 1 1 -1
1 192.0 368.0 1 1 -1
1 224.0 368.0 1 1 -1
1 256.0 368.0 1 1 -1
1 288.0 368.0 1 1 -1
1 320.0 368.0 1 1 -1
1 352.0 368.0 1 1 -1
1 384.0 368.0 1 1 -1
1 416.0 368.0 1 1 -1
1 448.0 368.0 1 1 -1
1 480.0 368.0 1 1 -1
1 512.0 368.0 1 1 -1
1 544.0 368.0 1 1 -1
1 576.0 368.0 1 1 -1
1 608.0 368.0 1 1 -1
1 640.0 368.0 1 1 -1
1 672.0 368.0 1 1 -1
1 704.0 368.0 1 1 -1
1 736.0 368.0 1 1 -1
1 768.0 368.0 1 1 -1
1 800.0 368.0 1 1 -1
1 832.0 368.0 1 1 -1
1 864.0 368.0 1 1 -1
1 896.0 368.0 1 1 -1
1 928.0 368.0 1 1 -1
1 960.0 368.0 1 1 -1
1 992.0 368.0 1 1 -1
1 1024.0 368.0 1 1 -1
1 1056.0 368.0 1 1 -1
1 1088.0 368.0 1 1 -1
1 1120.0 368.0 1 1 -1
1 1152.0 368.0 1 1 -1
1 1184.0 368.0 1 1 -1
1 1216.0 368.0 1 1 -1
1 1248.0 368.0 1 1 -1
1 1280.0 368.0 1 1 -1
1 1312.0 368.0 1 1 -1
1 1344.0 368.0 1 1 -1
1 1376.0 368.0 1 1 -1
1 1408.0 368.0 1 1 -1
1 1440.0 368.0 1 1 -1
1 1472.0 368.0 1 1 -1
1 1504.0 368.0 1 1 -1
1 1536 368.0 1 1 -1
1 1568 368.0 1 1 -1
1 1600 368.0 1 1 -1
1 1632 368.0 1 1 -1
1 1664 368.0 1 1 -1
1 1696 368.0 1 1 -1
1 1728 368.0 1 1 -1
1 1760 368.0 1 1 -1
1 1792 368.0 1 1 -1
1 1824 368.0 1 1 -1
1 1856 368.0 1 1 -1
1 1888 368.0 1 1 -1
1 1920 368.0 1 1 -1
1 1952 368.0 1 1 -1
1 1984 368.0 1 1 -1
1 2016 368.0 1 1 -1
1 2048 368.0 1 1 -1
1 2080 368.0 1 1 -1
1 2112 368.0 1 1 -1
1 2144 368.0 1 1 -1
1 2176 368.0 1 1 -1
1 2208 368.0 1 1 -1
1 2240 368.0 1 1 -1
1 2272 368.0 1 1 -1
1 2304 368.0 1 1 -1
1 2336 368.0 1 1 -1
1 2368 368.0 1 1 -1
1 2400 368.0 1 1 -1
1 2432 368.0 1 1 -1
1 2464 368.0 1 1 -1
1 2496 368.0 1 1 -1
1 2528 368.0 1 1 -1
1 2560 368.0 1 1 -1
1 2592 368.0 1 1 -1
1 2624 368.0 1 1 -1
1 2656 368.0 1 1 -1
1 2688 368.0 1 1 -1
1 2720 368.0 1 1 -1
1 2752 368.0 1 1 -1
1 2784 368.0 1 1 -1
1 2816 368.0 1 1 -1
1 2848 368.0 1 1 -1
1 2880 368.0 1 1 -1
1 2912 368.0 1 1 -1
1 2944 368.0 1 1 -1
1 2976 368.0 1 1 -1
1 3008 368.0 1 1 -1
1 3040 368.0 1 1 -1
1 3072 368.0 1 1 -1
1 3104 368.0 1 1 -1
1 3136 368.0 1 1 -1
1 3168 368.0 1 1 -1
1 3200 368.0 1 1 -1
1 3232 368.0 1 1 -1
1 3264 368.0 1 1 -1
1 3296 368.0 1 1 -1
1 3328 368.0 1 1 -1
1 3360 368.0 1 1 -1
1 3392 368.0 1 1 -1
1 3424 368.0 1 1 -1
1 3456 368.0 1 1 -1
1 3488 368.0 1 1 -1
1 3520 368.0 1 1 -1
1 3552 368.0 1 1 -1
1 3712 368.0 1 1 -1
1 3744 368.0 1 1 -1
1 3776 368.0 1 1 -1
1 3808 368.0 1 1 -1
1 3840 368.0 1 1 -1
1 3872 368.0 1 1 -1
1 3904 368.0 1 1 -1
1 3936 368.0 1 1 -1
1 3968 368.0 1 1 -1
1 4000 368.0 1 1 -1
1 4032 368.0 1 1 -1
1 4064 368.0 1 1 -1
1 4096 368.0 1 1 -1
1 4128 368.0 1 1 -1
1 4160 368.0 1 1 -1
1 4192 368.0 1 1 -1
1 4224 368.0 1 1 -1
1 4256 368.0 1 1 -1
1 4288 368.0 1 1 -1
1 4320 368.0 1 1 -1
1 4352 368.0 1 1 -1
1 4384 368.0 1 1 -1
1 4416 368.0 1 1 -1
1 4448 368.0 1 1 -1
1 4480 368.0 1 1 -1
1 4512 368.0 1 1 -1
1 4544 368.0 1 1 -1
1 4576 368.0 1 1 -1
1 4608 368.0 1 1 -1
1 4640 368.0 1 1 -1
1 4672 368.0 1 1 -1
1 4704 368.0 1 1 -1
1 4736 368.0 1 1 -1
1 4768 368.0 1 1 -1
1 4800 368.0 1 1 -1
1 4832 368.0 1 1 -1
1 4864 368.0 1 1 -1
1 4896 368.0 1 1 -1
1 4928 368.0 1 1 -1
1 4960 368.0 1 1 -1
1 4992 368.0 1 1 -1
1 5024 368.0 1 1 -1
1 5056 368.0 1 1 -1
1 5088 368.0 1 1 -1
1 5120 368.0 1 1 -1
1 5152 368.0 1 1 -1
1 5184 368.0 1 1 -1
1 5216 368.0 1 1 -1
1 5248 368.0 1 1 -1
1 5280 368.0 1 1 -1
1 5312 368.0 1 1 -1
1 5344 368.0 1 1 -1
1 5376 368.0 1 1 -1
1 5408 368.0 1 1 -1
1 5440 368.0 1 1 -1
1 5472 368.0 1 1 -1
1 5504 368.0 1 1 -1
1 5536 368.0 1 1 -1
1 5568 368.0 1 1 -1
1 5600 368.0 1 1 -1
1 1376 240 1 1 -1
1 1408 240 1 1 -1
1 1440 240 1 1 -1
1 1504 176 1 1 -1
1 1536 176 1 1 -1
1 1568 176 1 1 -1
1 1600 176 1 1 -1
1 1632 176 1 1 -1
1 1664 176 1 1 -1
1 1696 176 1 1 -1
1 1728 176 1 1 -1
1 1760 176 1 1 -1
1 1792 176 1 1 -1
1 1856 240 1 1 -1
1 1888 240 1 1 -1
1 1920 240 1 1 -1
1 1952 240 1 1 -1
1 1984 240 1 1 -1
1 2784 176 1 1 -1
1 2784 176 1 1 -1
1 2816 176 1 1 -1
1 2848 176 1 1 -1
1 2880 176 1 1 -1
1 2912 176 1 1 -1
1 2944 176 1 1 -1
1 2976 176 1 1 -1
1 3008 176 1 1 -1
1 3040 176 1 1 -1
1 3072 176 1 1 -1
1 3104 176 1 1 -1
1 3136 176 1 1 -1
1 3168 176 1 1 -1
1 3200 176 1 1 -1
1 3232 176 1 1 -1
1 3264 176 1 1 -1
1 3296 176 1 1 -1
1 3056 48 1 1 -1
1 3056 80 1 1 -1
1 3056 240 1 1 -1
1 3056 272 1 1 -1
1 3056 304 1 1 -1
1 3056 336 1 1 -1
1 3056 368 1 1 -1
1 3328 272 1 1 -1
1 3360 272 1 1 -1
1 3392 272 1 1 -1
1 3584 240 1 1 -1
1 3616 240 1 1 -1
1 3648 240 1 1 -1
1 3680 240 1 1 -1
1 3712 240 1 1 -1
1 3744 240 1 1 -1
1 3584 272 1 1 -1
1 3584 304 1 1 -1
1 3584 400 1 1 -1
1 3616 304 1 1 -1
1 3616 336 1 1 -1
1 3616 368 1 1 -1
1 3680 272 1 1 -1
1 3680 304 1 1 -1
1 3680 336 1 1 -1
1 3680 368 1 1 -1
1 3776 272 1 1 -1
1 3808 272 1 1 -1
1 3840 272 1 1 -1
1 3904 208 1 1 -1
1 3936 208 1 1 -1
1 3968 208 1 1 -1
1 4000 208 1 1 -1
1 4032 208 1 1 -1
1 4064 208 1 1 -1
1 4096 208 1 1 -1
1 4128 208 1 1 -1
1 4160 208 1 1 -1
1 4192 208 1 1 -1
1 4224 208 1 1 -1
1 4256 208 1 1 -1
1 4288 208 1 1 -1
1 4080 240 1 1 -1
1 4080 272 1 1 -1
1 4080 304 1 1 -1
1 4080 336 1 1 -1
1 4080 368 1 1 -1
1 4352 272 1 1 -1
1 4384 272 1 1 -1
1 4416 272 1 1 -1
1 4448 272 1 1 -1
1 4480 272 1 1 -1
1 4512 272 1 1 -1
1 4544 272 1 1 -1
1 4576 272 1 1 -1
1 4608 272 1 1 -1
1 4640 272 1 1 -1
1 4672 272 1 1 -1
1 5440 336 1 1 -1
1 5536 272 1 1 -1
1 5568 272 1 1 -1
1 5600 272 1 1 -1
1 5616 80 1 1 -1
1 5616 112 1 1 -1
1 5616 144 1 1 -1
1 5616 176 1 1 -1
1 5616 208 1 1 -1
1 5616 240 1 1 -1
1 5616 304 1 1 -1
1 5616 336 1 1 -1
1 5616 368 1 1 -1
1 4032 80 1 1 -1
1 4064 80 1 1 -1
3 3056 112 1 1 -1
3 4080 112 1 1 -1