5632 480 2 22
0 56 304 1 1 3 0 0
0 184 240 1 1 3 0 0
0 312 304 1 1 2 0 1
0 440 240 1 1 3 0 1
0 568 304 1 1 2 0 2
0 696 240 1 1 0 0 2
0 824 304 1 1 3 0 3
0 952 304 1 1 2 0 3
0 1080 304 1 1 2 0 4
0 1208 240 1 1 3 0 4
0 1312 112 1 1 3 0 5
0 1720 112 1 1 3 0 5
0 1976 112 1 1 2 0 6
0 1464 304 1 1 1 0 4
0 1848 304 1 1 2 0 6
0 2104 304 1 1 3 0 8 
0 2232 304 1 1 3 0 8
0 2360 304 1 1 2 0 9
0 2488 304 1 1 2 0 9
0 2616 304 1 1 3 0 10
0 2744 240 1 1 2 0 10
0 2872 112 1 1 3 0 11
0 3008 48 1 1 2 0 11
1 -32 272 1 1 -1 0 0
1 -32 304 1 1 -1 0 0
1 -32 336 1 1 -1 0 0
1 -32 368 1 1 -1 0 0
1 -32 368.0 1 1 -1 0 0
1 0.0 368.0 1 1 -1 0 0
1 32.0 368.0 1 1 -1 0 0
1 64.0 368.0 1 1 -1 0 0
1 96.0 368.0 1 1 -1 0 0
1 128.0 368.0 1 1 -1 0 0
1 160.0 368.0 1 1 -1 0 0
1 192.0 368.0 1 1 -1 0 0
1 224.0 368.0 1 1 -1 0 0
1 256.0 368.0 1 1 -1 0 0
1 288.0 368.0 1 1 -1 0 1
1 320.0 368.0 1 1 -1 0 1
1 352.0 368.0 1 1 -1 0 1 
1 384.0 368.0 1 1 -1 0 1
1 416.0 368.0 1 1 -1 0 1
1 448.0 368.0 1 1 -1 0 1
1 480.0 368.0 1 1 -1 0 1
1 512.0 368.0 1 1 -1 0 1
1 544.0 368.0 1 1 -1 0 2
1 576.0 368.0 1 1 -1 0 2
1 608.0 368.0 1 1 -1 0 2
1 640.0 368.0 1 1 -1 0 2
1 672.0 368.0 1 1 -1 0 2
1 704.0 368.0 1 1 -1 0 2
1 736.0 368.0 1 1 -1 0 2
1 768.0 368.0 1 1 -1 0 2
1 800.0 368.0 1 1 -1 0 3
1 832.0 368.0 1 1 -1 0 3
1 864.0 368.0 1 1 -1 0 3
1 896.0 368.0 1 1 -1 0 3
1 928.0 368.0 1 1 -1 0 3
1 960.0 368.0 1 1 -1 0 3
1 992.0 368.0 1 1 -1 0 3
1 1024.0 368.0 1 1 -1 0 3
1 1056.0 368.0 1 1 -1 0 4
1 1088.0 368.0 1 1 -1 0 4
1 1120.0 368.0 1 1 -1 0 4
1 1152.0 368.0 1 1 -1 0 4
1 1184.0 368.0 1 1 -1 0 4
1 1216.0 368.0 1 1 -1 0 4
1 1248.0 368.0 1 1 -1 0 4
1 1280.0 368.0 1 1 -1 0 4
1 1312.0 368.0 1 1 -1 0 5
1 1344.0 368.0 1 1 -1 0 5
1 1376.0 368.0 1 1 -1 0 5
1 1408.0 368.0 1 1 -1 0 5
1 1440.0 368.0 1 1 -1 0 5
1 1472.0 368.0 1 1 -1 0 5
1 1504.0 368.0 1 1 -1 0 5
1 1536 368.0 1 1 -1 0 5
1 1568 368.0 1 1 -1 0 6
1 1600 368.0 1 1 -1 0 6
1 1632 368.0 1 1 -1 0 6
1 1664 368.0 1 1 -1 0 6
1 1696 368.0 1 1 -1 0 6
1 1728 368.0 1 1 -1 0 6
1 1760 368.0 1 1 -1 0 6
1 1792 368.0 1 1 -1 0 6
1 1824 368.0 1 1 -1 0 7
1 1856 368.0 1 1 -1 0 7
1 1888 368.0 1 1 -1 0 7
1 1920 368.0 1 1 -1 0 7
1 1952 368.0 1 1 -1 0 7
1 1984 368.0 1 1 -1 0 7
1 2016 368.0 1 1 -1 0 7
1 2048 368.0 1 1 -1 0 7
1 2080 368.0 1 1 -1 0 8
1 2112 368.0 1 1 -1 0 8
1 2144 368.0 1 1 -1 0 8
1 2176 368.0 1 1 -1 0 8
1 2208 368.0 1 1 -1 0 8
1 2240 368.0 1 1 -1 0 8
1 2272 368.0 1 1 -1 0 8
1 2304 368.0 1 1 -1 0 8
1 2336 368.0 1 1 -1 0 9
1 2368 368.0 1 1 -1 0 9
1 2400 368.0 1 1 -1 0 9
1 2432 368.0 1 1 -1 0 9
1 2464 368.0 1 1 -1 0 9
1 2496 368.0 1 1 -1 0 9
1 2528 368.0 1 1 -1 0 9
1 2560 368.0 1 1 -1 0 9
1 2592 368.0 1 1 -1 0 10
1 2624 368.0 1 1 -1 0 10
1 2656 368.0 1 1 -1 0 10
1 2688 368.0 1 1 -1 0 10
1 2720 368.0 1 1 -1 0 10
1 2752 368.0 1 1 -1 0 10
1 2784 368.0 1 1 -1 0 10
1 2816 368.0 1 1 -1 0 10
1 2848 368.0 1 1 -1 0 11
1 2880 368.0 1 1 -1 0 11
1 2912 368.0 1 1 -1 0 11
1 2944 368.0 1 1 -1 0 11
1 2976 368.0 1 1 -1 0 11
1 3008 368.0 1 1 -1 0 11
1 3040 368.0 1 1 -1 0 11
1 3072 368.0 1 1 -1 0 11
1 1376 240 1 1 -1 0 5
1 1408 240 1 1 -1 0 5
1 1440 240 1 1 -1 0 5
1 1504 176 1 1 -1 0 5
1 1536 176 1 1 -1 0 5
1 1568 176 1 1 -1 0 6
1 1600 176 1 1 -1 0 6
1 1632 176 1 1 -1 0 6
1 1664 176 1 1 -1 0 6
1 1696 176 1 1 -1 0 6
1 1728 176 1 1 -1 0 6
1 1760 176 1 1 -1 0 6
1 1792 176 1 1 -1 0 6
1 1856 240 1 1 -1 0 7
1 1888 240 1 1 -1 0 7
1 1920 240 1 1 -1 0 7
1 1952 240 1 1 -1 0 7
1 1984 240 1 1 -1 0 7
1 2016 240 1 1 -1 0 7
1 2784 176 1 1 -1 0 10
1 2784 176 1 1 -1 0 10
1 2816 176 1 1 -1 0 10
1 2848 176 1 1 -1 0 11
1 2880 176 1 1 -1 0 11
1 2912 176 1 1 -1 0 11
1 2944 176 1 1 -1 0 11
1 2976 176 1 1 -1 0 11
1 3008 176 1 1 -1 0 11
1 3040 176 1 1 -1 0 11
4 1248 336 -1 1 -1 0 4
4 1344 240 1 1 -1 0 5
4 1440 208 -1 1 -1 0 5
4 1472 176 1 1 -1 0 5
4 1856 208 -2 1 -1 0 7
4 1824 176 2 1 -1 0 7