1024 480  1 4
1 -32 48 1 1 -1 0 0
1 -32 80 1 1 -1 0 0
1 -32 112 1 1 -1 0 0
1 -32 144 1 1 -1 0 0
1 -32 176 1 1 -1 0 0
1 -32 208 1 1 -1 0 0
1 0 208 1 1 -1 0 0
1 32 208 1 1 -1 0 0
1 64 208 1 1 -1 0 0
1 96 208 1 1 -1 0 0
1 128 208 1 1 -1 0 0
1 160 208 1 1 -1 0 0
1 192 208 1 1 -1 0 0
1 224 208 1 1 -1 0 0
1 256 208 1 1 -1 0 0
1 288 208 1 1 -1 0 1
1 320 208 1 1 -1  0 1
1 352 208 1 1 -1 0 1
1 384 208 1 1 -1 0 1
1 416 208 1 1 -1 0 1
1 512 208 1 1 -1 0 1
1 544 208 1 1 -1 0 2
1 640 208 1 1 -1 0 2
1 672 208 1 1 -1 0 2
1 704 208 1 1 -1 0 2
1 736 208 1 1 -1 0 2
1 768 208 1 1 -1 0 2
1 800 208 1 1 -1 0 3
1 832 208 1 1 -1 0 3
1 864 208 1 1 -1 0 3
1 896 208 1 1 -1 0 3
1 192 144 1 1 -1 0 0
1 224 144 1 1 -1 0 0
1 896 336 1 1 -1 0 3
1 928 336 1 1 -1 0 3
1 960 272 1 1 -1 0 3
1 992 272 1 1 -1 0 3
1 1008 48 1 1 -1 0 3
1 1008 80 1 1 -1 0 3
1 1008 112 1 1 -1 0 3
1 1008 144 1 1 -1 0 3
1 1008 176 1 1 -1 0 3
1 1008 208 1 1 -1 0 3
1 1008 240 1 1 -1 0 3
3 96 -96 4 1 -1 0 0
3 736 -96 5 1 -1 0 0
4 160 120 -2 1 -1 0 0
4 864 176 -2 1 -1 0 3
8 64 304 2 1 5 0 0
8 320 304 2 1 -1 0 1
8 444 304 2 1 -1 0 2
8 600 304 2 1 -1 0 2
8 760 304 2 1 5 0 2
9 500 338 1 1 3 0 1
10 928 208 0 1 -1 0 3